16473101129881967694
2496406087744031513
4030156808158409199
926211084283495513
14861668845706797907
17332491705539943422
11387110469530648473
916537721271187563
11291120910562794471
5596733130905725704
7480104525528474281
883996447061305657
14956196333462499468
13965969719083221530
14884736116775544012
1569665451793237207
11387437487061543343
9567751231597727502
16428645339596109265
488837243231637513
15086917752636187198
6962900927403074954
15681239171269549353
1832900317235703971
16592882282049000029
14704028617075611686
16329577127767923486
3463289545667862389
4750915424622296959
3190320422468954711
9789178036278957586
2689557801319634232
1803569858956824732
827561537621834163
3211540135817152498
594237557824188937
16863892889906629697
624530066727828761
15233236011498556159
1037947851023401257
4857223108024509672
3592492307698274570
6258603654328435742
887416424709971721
9795975566572441715
15241016484757657818
17326584423161557976
1845731918210599931
18014339843960164399
13015943644536707182
13353845836396136015
3295082537582891438
11385428124038289188
9033303218839563164
3194973209834944997
3258010686253519450
3609953393151029971
3731060370243613022
3307592143378811992
1144215653393030665
14769846232021404477
6414289855696683015
11327587030991950673
1105221151836384157
15013591831642404833
14525018126879646791
6223088641631400005
1004655226937294432
6334823676680367076
8353767660696170533
17531307080427425499
2395549280925785900
6381515818870147965
14366954892908761722
9329145001215728164
3309761246754317592
6601964044874910129
5214944120941730750
5248704275960278256
1811709533453714238
2493824006307753084
9649415216621947117
13763271035224026725
1622596698451766520
3202283738686351664
15720760939228283062
1285469705369212829
1693255022523478830
10701639862673604038
12753899419144465878
1986388049428845419
2415387578884314682
1593022166485700768
2168082771773708397
13597185120553678058
951414872146912114
3541800900269016760
5170810206345167574
10072573594124202138
3344823130955305991
1460311489500507793
14184699166082466078
2743090104697370086
2596020420457836067
1263925582300353764
15407720373751060733
6859488375571816658
1525757685573861176
715357395447217553
15664221887618367083
11658795895399516553
1109210603487689514
16164473587128579391
512699757960764533
1832495036390975483
3001951566270581105
7715645971107991804
15500771899126608551
16350897919048892682
3582352901969563594
16971808054901123754
12301911392501650423
12671413525331693535
2326543750140012678
17505413887000512259
7688200864268635323
18446396476635227229
1095295439808064184
4946675672985948556
3125065072928524272
7045253474046280793
472583688303842894
12646155855419942602
13822041919232082959
3479966452593566587
1689600316421753448
17064506623311921194
10366960439530631690
2660292037533614442
784244070180909890
17454553779424204450
11979070216057811289
16320271252486456383
782900099935067245
8246586340088650282
1101102923022929398
11344479139353370676
1065367599770707740
9389647351975287312
17671845036438919828
11296466191461177770
407536506173565363
9385961908695430414
10811743476852761085
7057086995024368416
1579072821818341784
8058330788257777174
16838382403778510202
13739782437714464207
2884400168321815643
14039333344792731019
13010867157067771347
14984584347149351608
1511877304085748064
177198695686695975
16466161191023201418
10248025466480184221
1030971781912523374
14990725472491025734
1541424012272949221
15025570286114336084
293642110470897237
4601413489360640134
7617051886331314369
2742759014296152418
1656466057013377530
8634144253303484101
8832342481960223950
1157318410956849171
2198359691832751648
12997436886571818992
8488009585828244627
2580041312962244549
3302865974393023767
2506428155304565092
5679938714631530862
15846901204349151508
504652461940494389
681021315785940238
11249836443159071775
508715455303717912
2138634303446862610
7015208361839725906
13735395520821003401
17737222774899242642
1397990787452128208
292586151523398335
10061052875837021464
6213949727762936330
3239722532754813409
18423470406671553747
10239508214108124917
5923982520825301316
2764962516446643592
5909730192738814303
6766656148166166389
1186892574093411026
2881533890038297269
12269659463463603033
13054449224657864871
294928234627606326
2991673959400696442
1369565101020977937
9629598597050549728
5856501904288826228
2106418121996976257
13029437063099388231
1844160728451236846
16845933803241650523
2619579285502819000
9641146266185416819
13277016160633882085
17910279215334072304
1396376021830473247
3145316127577491340
16700210299705818194
10207754909761776927
588995644138543170
13382584856839945497
14420526214455591392
15967303103883994057
3181341517045934552
4399853938326405928
638099974822637391
17353396813661675203
2111020246033248616
363682707079309772
15284269633077141245
5871606392315920916
1240259011195371179
13586014454955410632
8312895853617827867
9470582772472389556
1955526539546963105
2303618669614562385
7151653302026451370
1245473589016312083
2593029405189718013
11696846220699770327
9170039174105932735
6847417229000648343
2123242839306233306
15769138768989775513
14219532546059106817
5595370755981299747
3550545778975888876
11397152332582029754
14518192531610754063
18324768339092996687
3051389227777749285
12771140731907794657
14578545462498500441
14822129783808918067
527467380064804234
12907128897544494230
4216543470577341530
4842668698465308466
1406666995265973802
5172146477928574286
6346930308301149686
9754996928519496449
2655361624882763324
16441016664619074455
17791097854575971715
14250204129130708404
672470556360760392
7781044759760861591
8567324018278514948
1136016662083691170
2142817321002389049
11626388155100727706
4849375915921634265
5062650035226194901
2429018569059398149
982646055208588724
3267678989717770760
17236383721716646914
2585095447432993310
14899974074770330296
10166969046454085327
15120919277062105901
2825708188688025305
5088873055848428613
3373309869816264359
13958545606564555279
2926578620446302180
5786228183757320875
4608521892687007681
2646011556271758536
1647764785635087676
14074128713955249855
7247674393386225001
12049293005032937369
704437420093261500
14313106073774258039
8772135483523762232
6680031217584649498
3109403777527220210
2709844274555762792
7665310242973946876
12053625706049268227
1924046723302346358
3728965722802915184
12449751176590113826
3461629792841509235
3200693857162057645
2709103797606569764
17780019802044486694
232668744223499975
1186074138446570304
12249993772445676219
14730945841771570471
2927217595637502631
791447575720150950
2774206873754133523
1505688197325016887
3041829719483716429
503583756217515198
5315073666273470633
10906201564791968051
3598837084102933883
1676560254239790650
7811345474445319633
8219947257786990259
18109356646968880751
489410058350796205
13488584728767292542
8890393260045352072
8702001157311753656
1384348694992741345
12257736725759921442
395346239694224292
17860927663700066175
1312829505842837540
3603983290590303001
8284153279710761923
18062908997813191445
677841935299979620
15858913411127708269
608510591954245607
17909068517358385551
937427580865299171
18292286866193504247
16453373227286354477
13274934641421081424
3507889759471318745
1684188076712465786
8121045171850945110
15815865773436521644
1580378839785387913
17908912274619692507
7464510824521437815
2306474607901632640
2964024912639538708
17566959145396769677
5307749259931165146
4030221677570179247
3237990836039977308
6248892016173814710
10726648319496065793
13575118131993300351
3388655763618727009
5543770151354611300
13438829615856796643
3404040617154170804
194682629566884271
11709760909783342806
11203727937108065768
18279578506304493609
1875102974717022232
16842815010726894896
11213654779130986094
18137784021591368445
3411058344021535443
2044047966756487220
17841478302149557024
18215852447602071971
644499223133698083
1207095908336867104
9400988539352256793
12546621967189186568
528882821242494296
17831508190744619923
16551585517418024507
6924405122235256384
674438807433409671
8083795857535384815
14239661841996240624
3734816064556595084
1741440273897254032
14943829652852838157
6521151861646406423
1373865543093095496
1221121296206620984
8011217287969724814
15141837355963417720
17449224097115504488
1241588615987668453
1003815201157194171
9834272664246184706
14797566202685007479
173460993797161205
5406956713842871037
9581524629500171849
439881240143031306
1147013916590551440
14517413942847965814
18417512556528510024
14378604409650939790
1409342544620845432
2446313153774139931
16938659754949718143
9767255283680714622
891145211468868936
12361624393175664908
4346557059173190592
4940972728172854312
2243724545166759827
3912106783820049951
14260839681348170572
6397430737480460335
2818501603065746214
3016641100658602682
18367487713668784805
17584613099906704558
1052282489215748525
1501526914040596615
835018465539563347
3839108319018043471
2756609131143533161
252326487336842171
12514328134415699437
15797592315647562740
1006694130473070648
8526071138737446110
12409751116112698926
2494242920019576951
1665598868556229635
10415643282462273355
9230275276438358779
10438458868294529758
3243775455447570862
2839647363222024332
18263835135802694217
1227844863515940278
1161828293409347427
10561313242923427327
9316904498240507890
3364140375880754984
2685867954825425855
8621786102105964152
10692096172967210195
7960101663225413821
3393942135112013970
5067681697519686189
4554629061921219406
4646409305284192086
2102460845411694506
2943891434907374923
4498662598709532573
11313971455018805606
1961822044230456445
13774474889371731327
2795301972027307530
8233188249317214432
819148665011051685
700688322404934583
2238910930188675789
9246028723980975471
587191010959909510
10852488305886418088
13055686819742427956
5568344964788032731
3276239235584523885
1214244666071102191
613153903824948070
15349753880125872877
3443602848910030072
6801361617787963429
11393184099080010970
4902905805415949676
2387743809670972624
17061621300501548717
6659842325667754842
7031028498465476027
2695834198934591475
8618598010288035076
8074538553512875240
2376521764040051456
2145748442206159313
11292864563644530458
1130664107340067632
1940152292374091970
1701244792194292320
5291314632118266438
12115567300922090890
13502709652861436466
3482024541884970799
14008161216338297852
7249931671057252602
4905933098963522334
1121174289415664722
12454171053614075323
10788307161947095927
10187018285403760795
1081751812858860433
10514510599159458618
12614168623386211794
10341667885959582384
2003749247530324510
2768377631959800826
477749081679602473
11303082587972386837
988714592781997010
10477904025781543936
10642829251478239500
5341892496698743315
1034741258172078823
4794482271928268984
12027009196632322761
13586552963763088877
161785566134570854
3831363477234826526
1061644435008139750
5515106974733332753
2680528424350610820
11980776540382984811
10695894286335697749
3400169203495810095
2623372111190554618
2133839567077974658
9561416492622473433
415774121049685959
3115613243103234715
1182997993201679913
5108232614177548262
13751037925719452401
1810680133257771166
11755664388897418572
11941672272843423990
16566232064794858544
445787830531150253
4145976953413544936
9125878648762158978
2005238053421877329
2582501755487490671
393989265579646934
2058249813545272934
18139084333819194441
1642445561579029379
12963038017607711559
15889999761827711934
10614446482851931802
278014262964160908
3837820867424022239
14919517901162780953
17964388210258764829
2428582336516004680
1527916356625052765
12841509464601703525
10863376252690698881
521935122102783545
6869135369954130539
2161711326794131650
12399404049583254779
238590366076029924
7142379037848280619
8659422204017622458
5040414187780405545
3492388276482060692
15778150781153596951
7804373170563066727
5566098717717240971
2862011940341563522
6313026403070213138
6332116259768538187
2847737708617476026
1777331278909581382
3809018877986950936
10340225598848403333
519615601950857808
1267162187365252489
1038237100223365270
4169099894601499291
16347993669184773986
563828630822081349
2371697832023574736
17598257845181927006
15278321229343860676
3046341063939762918
5798298432052203939
12518770826740152001
2109550567436397506
316484247436520347
2533484996882426982
3078189083765717374
17410422356445436925
2240744884505713707
10775732796209022803
11158932738350519536
505142039658533218
2197189555901040507
12217828323494588675
8601340437479001219
8924997186626200494
173608966471436141
12738716284509971202
6323331966984546032
15065285640805334143
1631379979752286133
96730378699695148
1143418723178181564
17804962470013538833
2832622822809777393
10428526453070251325
12694396312388465385
4847693323118287094
1501934376762102834
527931621170059287
5160896379424726668
7000217932244247723
462990692250242141
11561712303530783642
13478330199174817137
2409720832352671122
920858145135118941
6698095608099137357
3498387926707170348
8182446535283754935
131843655250555125
10491544790470430043
10100509366352904689
5833514133093322806
2665828290300136364
1719744589962218100
6564856966860991296
15314719424688334516
1542311705110391751
5999722963820085134
9610594416933751585
7259373080291694718
140972312148827257
15583839379080288447
17013237797104869238
9629444489565157828
1364854023248047398
14916788944629482807
5668267454580517871
12902831100826155961
435038639135811415
6446501633152772441
13143436491456418947
12593156644463004230
92753540817639073
4901111254319551209
13824678168580746786
15834988344330458477
2058054744002289530
2989702697004731279
2565328823786107060
7036134750644761017
3173730166046158323
15562335680101510309
15477234220435886269
3940930155932753460
695169715591659087
16421186193180019255
6999142524957588264
15103049082437496295
2983612595335674605
6372968545492932693
4358253926063900154
6643188246460978872
2383710448538715757
3066818683691268997
11432134571436257586
6001433552960467052
2786923550593606745
13142517655910114038
9454341716892585807
15172500128836881919
3346901076942029412
1777115670541627532
9607849511325820761
3184061758744170401
1736636341426446503
12709678207583576793
11864720550564560657
2249092552020507896
2816163753092654529
2360125365413235700
7821938462111151336
3834614407535683099
2549619405560174333
8120492871652048337
15232428335489176081
5861967385020584767
1197199632424880185
18054233953663744050
17708587129278997662
11425354619288904567
2780682900481622317
16093104010102949547
5448332136495353773
2738872237610822276
593915250155034352
388779088456649601
9347486561397751125
7294811846335414360
1761570751059724742
2032213403050114615
5881909965230979659
12756278460635802912
591638378062885507
8844191523450857882
12214698595513854535
8408517941709926729
3299194192529546252
13755976537570389753
18213847864036055411
5587848668903859701
2062905089390346188
7298438657427002597
15628309684472960702
2477546554115035724
3045187758946779968
9468958310627554151
18357726485499412299
6801213087740333373
2338429975535792214
4892589424645443106
13720916477115290306
7263079554017771120
2555402449146715054
9287333729068655437
5768221993923777611
16780865236140056805
336870870168531935
17834665613320291690
6910916966256355592
9716957117720341313
1614730147740036665
9032787293269471403
3460515208083853226
538204291046043752
1489549377080632559
1914999718492137904
13442421950997140880
9111397210463113886
3038903597050267868
14291714837494291215
13191001909556363577
9274731681846593287
2898073903575768675
16859491945195864584
5350665187100405838
16198232511477886088
524175401847653951
12335207438153481721
852178277837004950
5594457342713526697
3452411342299650071
16800907421534093672
4324867757599816458
962815728595081803
440426815122049147
12901073480361551325
11094346653505811330
7066749858011164571
28588080680439216
11003587323185950003
2289152777606972339
3997095724725060619
1890903923081155041
161861093880128285
16888573876771384765
5528279181870261294
162639857870436165
4153610326850981371
9961906851254439514
8796765493491658538
2084931380699297234
14977829701282551581
14919843945976298063
11870931398384228623
2932545549103021258
16244512293099648128
18337633486626923162
10285760398601547605
2405964978937692106
1720344524542521853
15560248106751416995
3007318342676267604
1169286553456489662
6203779235009370455
3089227778941619216
13869820557514621718
244433389914919559
5928773086671428163
6659758797768579616
4730588559057620069
650654679750770014
9008419687580893558
3810148346011777528
532021887248275518
976581319980569468
12989690825335064460
8222689316260580186
7310365585827468605
3022436402565884886
15071801477011852812
8705167830888709841
6333905599690527720
903300857481246058
15752687054442950100
15588876748674086047
9416624842332449679
3246094793133874600
455947199382742170
3049476843474865756
9050730743234018449
3137439679823471375
14764217880472926148
3176841719311515809
6216519377114940334
2824284746739521004
10412233792701864793
11864661157106506663
11012507349648792704
3350181580060599779
10327615029127112917
5740566199201838283
9719852701878032818
216611022920812934
11568794459510376680
14203025462517356062
13100303997376577752
2054468169317995353
14714097544009687034
12643371710132280223
18121927250253344158
2206162782168706054
2002519534290165378
2802142496596321228
16028156174308876048
2660427113327802883
15580913485018186070
17710531439055331303
7893518069078151187
1187446974873506864
5905574980111280
13693301581758056821
14721966416348833507
276953845051217296
7801828818638193526
11723390421572910339
1104160560075671188
2992937062967379234
10838140925831408435
3030240243159032716
6183040949872728704
489873062743648007
4502083680767085971
386623266211148805
3371333833263679838
2297771111762762448
9467485508007017073
5083586396993054510
12136232124779771979
1650255160083164264
6260685606247200307
2070672045906098480
10295957137607035034
1789359187263693165
6722217650175378727
14395643682056410761
14298115178744358234
610779959592402626
17937477960279984493
4738592187411315667
3662743002643165279
3079090661707294253
6896937461627309326
7119771684697208461
14886072861920763082
155652781221311708
13566884631788540167
8206269283886464949
7331529553281243856
3290838784299700058
1196265051108725338
81243349140928538
15203523879098209036
1344749214776497323
12193131941784516702
2608944106754361036
1345805235346737589
2055875516661124759
383169615035177777
3499275327128915649
16156195674193708303
2093768561040557521
16126785011067527442
157651620809165210
17725989505979378719
494589782167850123
12397747929165643262
14877948672351588178
4201129465932150315
3327456592379266637
14592430684253367977
7621682949884717422
11778921987187613113
800695520566450759
13834675215347611684
7741513698871962825
9975289188800543942
1788301766565859159
17875018709212932664
14174404107868720962
11737736104901778789
3368834928204625066
15022853444918785504
5556805925406733391
4548044914675487503
520611004840722651
11374611846274794865
7721118706416052398
4980708795206305382
234443680593088671
16474974994494132885
13219280682419561100
6641913090736906571
1325500603129481533
1426084294435384069
3163679264784671401
1904079412680458768
2322757337771178804
6043374339412604071
1146657862649654844
4154919291652412389
423839557611585314
5973020932272772
2801284132644599393
2315108474545219440
502258293410153466
14583905283664269760
9231375477911703727
1763668888955117880
238697826983754824
6035900956109193197
17214899972029147969
2857864263021680511
544495252785924273
683093783425390643
13622667869742304377
6791909571853815209
747223055246654095
13626823474376500533
18403870384175333903
13107870731639762878
878741257605400862
1223205377269057889
15524102727471275392
11197412014703801705
3453879951267456599
12001079051210341773
4509736074729633498
12949694292157716245
656863026886523257
6833865049854362612
550714295111164733
10875144240686156550
3038403767662073257
10178168687382211776
18046092637226423409
4688898667379997345
1440156708430934761
8222894720176530667
597199719638550526
4568196179440801227
2785908507443314176
15269052601897576650
11334883253537706898
866061951362827337
2658272675570932436
5575250942587282984
3875652643404708738
2957551705377127481
397105913823535955
8041838581850634178
7146923081624004171
14089374525376768660
2356755076151455749
16964040995756801720
14723005563222867130
18389335277451724313
1585017675833185543
17708310836551617477
12076917462470680150
1409905449363430512
2954206342092615854
6989008436736599714
1335748585567606312
8731923813075083795
2290789345313699204
15988251279516175684
10658809133875478123
17345398732390588604
1382691125405988996
1181746052830195697
9592742458911065799
7788975291069767314
3277271387262625301
8712631743726379543
7753761708472534911
12002961360791847314
2059880814358676821
7821671509495663266
10653016129271746514
7978547398106051323
610067103271915187
9601165996083323919
15138519376114781201
13834587431676955457
2180818352385801514
17165713499831638155
497634111492727178
4360641374017883816
2244462337857330761
2398996784759381192
17327027460635769680
9188046373535700917
2603381348812736078
212005237774619048
9183366619301473843
3139169162697037935
570105503302573613
5890907657030237104
16233664207946513905
1451081129478642680
1071932993355369270
8236288596138976853
3150137347586327814
5321375792633330207
3263277268601806934
13673169909779528849
9298769923838873062
4909095223243128413
655178932010340797
11003453649114531016
11211289621139381961
1822616645477382678
998779387614529868
13652900024481114929
2520983008046087922
2765802727629687154
220521393316026644
12294170535709082782
15580969949066516016
7627476800107335147
227365204493658816
3055587320408251985
1963208273014230281
16869490698974282383
3334544716060909587
14479184049574968822
6949629172664467803
14370335792505151499
1157265852837855047
5565807912177964504
6208433528038866791
18342747193809919315
1675548911798678994
18201168500429775630
2800269048874731459
17788405066801120427
3041584000193778757
16205050665424190991
2528605219843229423
3807705896648804193
3527382373790605426
245670575259152102
11127205149759510390
17902916435673029973
2912877715244322840
14239126045688276986
12538655618112598443
14289708468887514526
2634588281435349558
11507054573063377027
8799067922430000176
7628268901985191683
2376327352562814620
4365178906280003855
11243055380310470558
7074402675118683174
2734901751965994497
10990787431060745484
7613904188463882115
3096957806087345162
1130605848469046673
12642773342119399004
18347864299620469740
6725858221615508293
3238642221214571463
9419419858602226941
1463756701090033399
5072478460126995104
2740317251048614704
8168267283440592204
10178878406235523479
7044610521120145057
1124834790732850538
7755670274943998911
14168625923342963806
193104819096771482
2718405531962389897
17489849706299211984
1884411575100721132
7951012697015221542
2389982915362466028
14359153106042317935
2409657577616545648
6801292200242391642
1646737764746166842
17070613368529243160
2306303055916041213
10350606512748526943
595365042884287835
8315058228148099071
6654726259603947718
156100472742314362
1493063684642518484
17973651983869213393
729802946531383334
1625287149629483068
2928860130777431001
17024963456893045908
15045236258027823532
14273794277792580739
2275753685181774944
8913031790668758627
4353711444428613541
10112226442310750155
2897093703188946728
18031361216126191704
1486499324058113399
18006423787293743571
2132388062064927850
11220542456975347056
3716844742425367730
17542607888718342165
3310495364055613288
2712602800667422469
12640668509810980631
7017023169745122781
1403282846665555944
8624555008909007440
6710152361452291172
17428299722671549010
667001703557593827
13661290420056944232
17242530353629203338
8379969162101812510
2022147684157549128
9329157417643448661
15434906164772542599
13856044330856420481
929562998107529372
8838137457569157267
3062078108825617191
12755914936454528994
903641061273250262
9287521531496637167
17360111173067866862
2760264083821783799
3039081845630931244
6143856910836104031
12580173248868950729
263607392652284148
3556504977776752256
15603300553059846609
12022734581531359891
81508782141175912
1932627691594034441
5446533944361366672
17495602306339100014
4305735804977304391
2026461890304600155
5520526636236449609
14070111567916501149
15184719770492993250
649492585860778309
9479173727994139638
9965805709646862404
9314661263700896831
2289625638661422276
432154128773234391
11944603122833707104
1205642085443469528
2128289383136560310
6164540724805503541
18061586200901532525
1389927574343761896
3438352591864371470
3659356149624920930
18408299836099198985
9461795257375538988
1817624212288320017
13392155551983033536
7611421653441032704
17511120629302371802
1170846335618807233
2628762795061417286
235626892459264377
6023987638888104325
1815323224717384455
590965401166007563
6432738730740039768
9982165325281687796
1183356553992003975
518195160825664267
10670836562155116856
4828886960652277139
3279116376590185014
1823370748991734737
15247512526835273889
2226386382072341999
1165131856659146842
18400037758788527070
11188923643035654342
4727761789130196488
717190596978053416
2821791985757367704
16482288542867659289
11059408885244190306
988598592960693758
13573831923637470288
13156871510131248211
7223928651929241553
1818851475404519416
6180018140653638053
12802614688770669859
16523852454765315447
1389893688689767350
6420049200558684579
15839472784540233719
14019382343974310410
2246863407988650432
9495530928148183974
1784029848634164808
11532242936329008560
1508351222680958098
2908639993173323792
1300252992518031705
13095324294816360310
3367886621043860274
8641019137568273003
8737605472401238744
4098024979081494202
3535465814448589569
10919268176313754569
4160280071526848516
5778491947770221555
2487182258129756494
17037846462471044421
16208698324269358125
5476708852475664816
729228478144981106
4659424707096807903
16483867322321353147
1674816301638469267
1709789152196084953
17379617010736177305
378138843996796972
7988358664380562473
494059559318581076
13886408614884863420
15897499469901750300
18304566615151332214
2552578202340258942
7998562337398779584
13329402547925286518
4712776964480230292
2836422630576455483
3103229803322604077
14060001020937862303
3066030347537367208
1708266751727656609
7970320488030746748
928466426530931236
7647723506163647695
1089431411353055755
14729235445653834989
14518586318831498454
7112151167419962748
3102073436184155624
11414175716472169503
5122621004516676906
8543161267961948855
388282579577735364
14380275613650595804
12347433932966896725
8575957218721145296
2379564450029469396
4058651161348576482
12360010846414883096
5820572423273873457
3462916389423452779
12824889367935213178
2805700498266656485
16957809302853667548
2551513177421024618
1160933899123931940
3573365431900323138
11356975579747371350
1660240747409031071
1487228532597369991
188911640453116502
1469437622156612018
504343563448733879
3471454269728633345
1852615507144563125
7380034754656357396
1943288376657699699
11969587893007534969
632889755961599230
12956693242771278730
3405047696074032106
5343871163560769745
6856551973155647808
4205799720928495908
2907640446534318493
17854540434471254570
15970195425564760167
13592740836669644283
1555773130484369845
6307067991674023466
11880606611222950066
8069836193772932198
1037105822104993179
15379029298308778043
6848911603634383794
17112639018420142211
2212974208489931304
13113858654567191781
9895843925407316416
3939425155657731523
1837534837785990743
15699616416247995972
5138151333830078996
8460550294713352342
3537782961319444784
9227006047002410736
10106893853924720965
884225487938803762
927526874921239121
14427422587730648656
12890023183397635417
16123936844685927330
1934284822193427777
2348901404426016167
1874770553529998636
15912995492941555031
1472826543310647796
12625163925417967177
18409623781326684027
2664986862294764744
2796681728661412673
4839345280722235050
7165042584346730579
17198744159982783391
2164243791325426671
8798699270835568860
1533165464719714879
141544867095651234
3448897025089794056
4100720316412830788
7554720450811515564
8777348865842817922
3577769549481016133
6116543552725933686
11457184121247532947
1199314072810907139
3565786630907575300
13910836206804919138
17627088799266500236
5949552326721367707
2289048016601985710
8322586887809138518
17741363225668701447
2202741789523085969
2133420032017054220
15302191287490093754
11217972552435019220
1238493780971300463
2614954974881377168
15694089970590277002
10907585943668251475
3106157089314921569
2016475189065986115
16091344871521740965
9974057890764937394
7732775553612899333
2612271954627316807
3666533162683659003
9144128104006415071
1540394593662109522
3418118531537108705
1728528601960420268
13497010758020070704
15272674875124141342
307952740916571919
16813586066299242460
14018420031086723714
2147465629706849032
135959444226304353
7063058757062589210
13451820192705766116
3381724877561178499
774732020537628113
17040948585385850197
11471455069657320887
1967800692833004079
78982148708460900
7190507904684835897
2652551906741421333
8624728647655623426
1949795519621112477
11081271168391251048
18375780511447355911
15522035965350291839
3118635795401915840
12007572295592156659
10568646896566797900
15730430624043110895
442507586064629714
3873611141735787528
636548157718949393
16680790671461100987
803892320086023936
10232297962631980780
4116178419759098020
8293994440221192626
330635403665499652
6336968437921337925
3457812641760160974
15869948089155054718
649621230746694667
9603279037425380712
9547183394450244595
7619930440851145057
2765760952469932743
10716873318694096725
18085397372222327788
12392429185725143696
1698211353807362750
1699996846502956212
8748340297366691166
1516157505528761633
1875044489705783953
14905559375189935432
13449301833084362989
17877534110922243582
3490571316138360849
9451630299472237832
1887018258008183508
18033185123221626594
2592199038040329808
12830405599468919135
2088803864986657134
3718918471903153619
510588224579870205
8596832024556233251
16448095779481482853
315746868773302195
2211161553512353157
1806234802057872735
15910276887737608168
1435243092942897724
2854562579533756167
4673840380485945418
18384727218999001175
7788875838719060034
3289687043089049127
16776211606245992153
17667163679864197650
8969308772067931812
2554671640133666697
8581908799900190784
8931939028756453131
10403243576995762057
429456961471869903
16602137352192284638
16557216653003164600
193445231372705079
3382254475487663580
3797043231799981751
7888623186350980847
10069466252255798834
2757610152331981243
7055358557527842518
14906094085935884284
6449468264990013649
3111010585268574970
12990262091388504816
16590549556303849292
8425851567437119309
1852509745735430161
11513793948006386452
2081570811097041523
3940481167678545779
2326684473705184081
7739284616543656712
11184781081417674042
18002140159817434541
889639779799311327
11459716932940107875
14541454463313874560
221745682142169066
3082781665944511763
2579464551071940166
10921969835962770216
7565745810356125070
516679206781721946
4314917689738507435
719188456015661989
4315301254956435422
1191311890478869811
14680235708237275987
4084986662681066617
5739296367363942906
2907266428860445662
3820565074383089329
12453000176897248566
8882026991418297734
1314558521149446326
4623421269842719233
18164305174829576560
5661128889410150791
632201461943736454
2020879220910737594
6593802364331385200
13986265031034596033
363468705960794798
16364952454471784508
11214072948577448493
463819739949301592
1292296610781703791
9861089035924253446
6525448707739222352
10484667835792325096
1038316818494830374
15806468604608251890
16904429631747985904
3245554740284072654
2035732391509389115
2199925420815410124
10376037234808541320
125745926355436257
1022704492147140393
6270759278658474617
4840665796694062904
5657313873697886381
2268473282218977192
4348362565364796691
8550883634658837963
5495319877036100954
1485101276706447126
10170101477303953029
16399529969554913781
10492852403192715979
3548565709553675563
15891688290237814729
7703998078597877435
6296915457916044059
1700891826239959576
10848012223287363281
12263350012516766482
14033440780712819778
1217332866284595105
7944199786893031789
13531405543052987088
9875713185332172319
2887448807092344946
999909874890800554
962413124282686664
6351800215434024156
3295223843162260536
9565085159164615215
15283722537034172717
10736880704069431027
875385705114393355
531622069889046870
14060469577371265886
436158465147964162
1357765411001944771
14825272520695071940
4501304891102871326
18369817914792617581
311352797547527761
5145246647325004093
13816894320700120184
12877613157926617992
245324782137025972
10441680529136739160
8646523696377111954
17718473330624112106
1572679509596971533
9767003619462264327
3698365404833308273
16537079159807802709
227408406751928072
10167172077247762479
8414740357992917611
10086639312128233463
2798450732061195045
16972428608660720381
5765043010404910682
4398541854366029340
820521947638357988
9028360308879687464
12487805327979073175
10795312487818494597
149319240934487629
910400424059837630
3263765201532213580
12481977083835722750
2291629053137242117
16426058352470080399
9380289172530393529
7838684223929829586
2365061520629285818
16903012521874973853
17830658047867764494
11134218092637550837
1928699943789137581
1529979575280897109
501604343108290682
5120463221618607790
1316552482933985123
17971727878084224152
16979341577817457387
421164638667735351
1024119357232603491
2963837149555582893
15434965240818836999
5107356058500889871
1854268993039453404
12966225343247861203
16406806873069735567
1645181364783449220
2962331231050483474
13460143170196496637
13620922771908721653
8265604368353329399
2506425841118174525
5181698240269190367
16092642622832945232
8781610337128125814
1036071763456410280
11334220926233549073
3562972056998975807
14176538618350745851
3497695211839061006
2651276934956993453
12129702897781981659
17275213872833910668
3579868227925476915
11857926819403393471
17541066675442927194
1353734858927484125
695069224807868397
1343813739371157711
12021995633303087363
13680378838739854386
2434938157431164211
18234542857433668941
9437305972045708868
2186614684281584798
2597538187109302246
16987733295022878775
13576623436761813295
6016889116897264619
2637992555901038469
6625832587056335387
12776949080133790232
4278197500624726790
1955445347253807109
13193671023681697998
11312900322704374222
15598046559339402496
3183441515039362202
6886657749432216250
1186400458922714016
4360836605940338410
2388420446735851990
3323748535708671623
12129790728094014170
6622011255163436597
1194554342591035773
12230474569384835725
11330210783006315616
7457619969520394469
2592122111072205409
10544566628844776765
8222106755776796505
3875312554117262927
2921332200860473235
7597598571629935680
778892617775142244
5527505137901277475
853154478762376199
361310773369511047
1995592819191150826
11205252787095426174
3178805897838049984
4159781784440938412
17772747331715533523
15139745645996633425
3313010118333674017
172900923269932025
16690042019524102663
16093770493578135988
2471941530538175492
12248578126628197828
10688280150369401292
10842390572596430353
2591617492540102863
2229179462868482333
4163979775911050545
3675455516900684230
1248733281710045139
2556905228807328624
2975547240177376010
14430223889491805209
1016243292923010575
4583092164347500220
3552908540679780693
3442810591244404618
2253773385241874896
10509205060812699534
8786723507915665479
5909665518029665725
1957206504372711101
16785505572402796158
8335935409020072201
11502268120915445071
266713701989357309
5268099558263917882
7205494414908004995
13014458634127427577
2272920308737631395
2289707715920923002
6359320450846800386
15129113222300247781
785543804674000962
14716678383048511870
2545829871314616786
7635417194095036547
649036936902540182
14729692333779486386
1945283037664074803
9904492571410837194
1309031793051985049
16385788675469820958
3236456029872050107
18277472447562700506
2252312739039157954
8100119287108785618
2887480990895817004
1829828555594704373
1353336610005340322
11793125655662847332
6141737112467434988
10611837251279848566
1325978243315556587
16946469196563177643
10078631216502493013
3230318862201723863
319457010667400147
3055412789226236661
14563937463994848049
12082862087421981476
1877400316230140479
7173827065825219911
8802761735676128994
3160513607349959077
2194704339464446473
11109099580471897310
2079686241394554752
401329730072121222
1109913539291211556
7146991570154370067
8129729372410492402
17369853233313278973
3215186065907494336
14277358356230939397
6256811597128286770
8737719242862364867
226624920642365864
11835272872338457047
11687237440444477774
12107665359231360639
1578002159724885160
34417500413182781
9512935072657909808
6427972338768110710
2829171882624553308
17002300357773516193
13959922064481480082
6488623907497688179
2995582715703522627
7318507883742714429
14020196654422412699
863239757877551241
2956517654175382181
11914551699947819113
8630199797217667928
13339187399252849312
2306579333589973700
6420996436387371139
17258972076352536735
389647960304270206
2116599176623180947
16838183895520042348
11634780607754729052
2328573292012895298
897488666575103377
8852053014910838641
3211383826809386600
7895199401391595932
1603281196521879276
8593282417566492701
6669701561735634586
5721699553329718163
1958932948715207316
7457528170839700963
864992936903033522
14464158903317508689
1751680456045049582
3605873862867590358
8433727520030574458
1133196129855010796
1362757593541263166
3136837081453841250
4992020047318822072
3052504776150931159
3342258132614413434
2262273785149130264
1049415342719860798
5072314977728478221
1356915514187330516
6460361181528616910
7997878132017235274
16360355430208433720
1055047986148995761
15545898132698269704
16423986070781956794
17382405201400704300
2188710498861779327
17753897274316011716
1137148586083530952
7509759316723573387
1345490678167660587
5923579369865429038
7416615681089055843
12569489635604653300
3226561346911397130
10962186361970559800
14305131063053358281
3898771193306363044
835934815178724043
14142967479296623540
11443362976088002141
743882489478259777
2514744812531045423
560932733504545594
11330568610775460105
2568651911018943992
3299482669422904275
8178930469083355298
1798334695909894260
14708084332006206409
2653532855920284732
14953842331493101549
9107714570731067790
5119247937022611205
2139901086701462595
9890691798607947649
11914165362755402479
13739178686543705440
1611718376813143504
4260132336637219206
1429678271304350182
9875309223519925805
2645709900324757304
13940400738609887935
6319002786454434473
3966452011456335738
280685980621602014
8830555572379917120
17017519763558290344
456406351219778010
1743779247794069984
4200339695519908013
16802144206497398564
3152752856929696454
2276333966831291880
10613101675956479836
5671250363667275479
14818119809758730738
2060173092634290893
6322455484705491135
15001619489207448807
4093282489061092002
2788091379166707992
12598392568711456725
17064573752027447876
16855841173679982642
3521681805495473996
1244722796684648405
5947353876977296810
6763582580876433002
3150560397002266089
16623287140040551012
4315137956509966446
8175613484908037400
1830658894533104626
3362903915554336358
13117902898504259948
10892925316367984001
3081794038354221358
13184697986161963259
10858916229850853687
14313685612809361118
377133016454723909
11310030799380583331
438637341754955804
10054062502168910920
1268556752679731948
3344101902339361701
5646620850421953698
9249205305438128000
2344314107532982300
8277111059190210636
9333390553395062167
18313717904340959766
3445406064756376657
13805812888875745195
12659232825398371207
14400608786503126942
695545192899781099
12302505241511310135
17541443634710083055
15045551943716212317
1580423833347174729
17035838955256964986
5340701454754041299
1380355410455814954
1634314850567402448
2336049608826737606
3137361707755593328
10488024871328692686
2909161279963520094
5054826468057395988
8525905793474201897
16316905058565413545
365613187886272652
919904595244534933
13198122080131449485
16628517817165371517
1891635831680231501
1785421542594839873
15315031547909360953
17626320558237899263
521827504335129943
14250294867020982682
7879924946585299401
6432864848001201766
3507424508712449024
7017592892978094966
17383301634534965009
4877395321212786034
3593294642085755389
8845470127022618758
11828358431500932675
6846073603610147095
682486495659832250
7645476773370901702
7591436058785952128
4173218607904094937
2484564360939599931
11968092586094860409
18275208482136541265
4480873116588086252
1294134506191078991
12549613568281857978
13240354069614491268
17485718984038990078
3084754891412689139
4599692549052002164
8972656416052187492
16168351151706273868
1600854207309460057
4097572655123470198
16404556365695865890
1325341517276369529
2408054948632408839
14614563497505400406
5926579068750111879
715571865878186342
1734538416692524511
9665287522276706282
4133518506842983057
5259562741229842094
1183270423676553847
2552271275712486273
7782529915835435641
6271146903345650274
286529157189659347
7525487633487323181
14406107452076648902
14006359329691613143
1637767814683177448
15961100163899206854
14104784297665630520
14011835604106911366
1854532008303779402
4198012990771250271
13958928541126470636
6528828936539747598
926061405155286909
5155232844949457887
3464503089353850727
9574587666288476780
2910189802392158391
14287844164672835161
10548441167385068591
9850452912045506268
488833174635447661
11092173521635930945
5207648695696699727
4362161958234571046
601215386925379699
14073318576508846853
16451404058879748684
14668479929059244209
1339231456176629066
9276508427098446175
2518705201775963885
7680128994298972215
2992089394660475857
8221081104271458689
15470393634820701856
8669774000759027003
3452956886848198953
15971249807272225002
7865663105268520951
879303023216795074
3358568907566529066
13454365891899596548
4938284514976259832
9186474001372648511
2254319068225444209
13960997174534957040
11415773590837060553
8508443621501907239
3570974063185481075
13065948719130421413
6889852598339082296
273730953815575014
665237437761358262
337591534059306285
13616517732499066211
3442047940807339124
2703320320494186690
14485594391734744046
6505637549950217446
6183584720080847628
617412331642352610
17633862362116998409
13862612420985947786
11893753507318535696
2442478113039527015
5062827621914944169
15275133704175029793
3332228871377107788
507589757169873003
16144730512071196899
15616785387874019022
15782437353743386670
2611857381670544883
3051696225355478812
15253639823359167106
12087799824891241916
3114029180041212878
11391116398836207614
4988647012329254298
16229586842580828215
1948657850968288911
15277038315624649602
16014278155509210143
10613461509062446810
689197782189057044
12212134828775805466
16471975059657698412
17170187698606668214
2717903935695059236
8923056739201895319
5123843536877172611
902321903317772422
1643434126506815143
7092754877788814639
17824841854582868586
11939756336940756916
3179347120096917034
15619312429759195025
700305471546204892
3479083866465526853
3523229306857604027
9919734776888943119
13179088778972808311
11515642260076548987
800557103227228331
2976790861020017729
10711210363966911982
853869035117243048
2131990222040344937
3174841798192243016
4083091435131078440
11707044449319378984
3122990209170172249
6553446047172388050
1163091812902048020
4466635521427020414
1075431156180645600
18433569896085377837
5264399605271476735
7609156601311487640
2454263508754953763
12093874765691575216
15434565734734180198
722546022181313901
2306967993111941570
168059497529221456
220931531148281880
9309192046115835187
1526345727842281918
5542140037484385225
11479868784073121594
2547222114286533602
1547162450068180345
12662504596066011873
12052995789375121720
12681618398169485084
1428689270228057778
14399675047737895525
15598423773119073201
12099182841665455867
2787761828289047298
14620898492158867071
9583151368771658235
4403048588424197378
600154946142886140
4332786609068491476
3661162371951529526
13485645657328389332
3101184554178901344
9592505389428974803
17676462681990111558
14750482462146364694
1016600594693408041
1468532480538705509
9287013521498136623
3444575322661767759
911530219885069751
4396432959478655853
5338808819942034647
8378973157069848909
415936213332499363
2471380361207574151
15836676595097407832
17256841233131446604
1722683965761417926
7789380741906149121
15014540446226327023
6854850583292292598
186076563560247845
15791002229652741479
3256973931214199566
5032856699568006522
2881238419556334934
15329334801952416927
14771708270861215909
12857321366271143991
506082321456278960
18040510971146582295
5042578968408923902
1474489416755715809
3143406172718467181
6448786969231867070
11537874616007219709
12054745374895833184
1423006781083230721
8984702483112523558
2152205201693259843
13727084318995898870
2295565201654921045
8399960835580468240
15788052440647111355
15244272224544650793
1390751013643610858
9912531180865863348
9562668683888551124
15265225574580561865
3385298677044170569
8601465041156016799
14205770432244043710
11898014875450376777
857400828192146016
1195951250278695917
3989896754438879860
5236934920586776254
580606636394766611
8518290412257584120
3460090146768745122
261205448916809522
947964046959329123
12773116375588460944
16434966967114265933
14688169854093251273
2122271406815515567
16249683457747841295
8784481233951201798
458213851587206162
1406813402606281464
12651297346769195259
7587166672540055026
5293579815003712413
2296944707157624429
11381248855472206215
7307290740705652477
16851978414743662121
3554337717802106132
3899353766440679692
14080032152501356395
3842107223488914020
375387058183729375
11819173174350272131
14491081566294811858
8300399378205634377
2769533927444731815
4946281752839314424
2436147022331218277
9743439208828063906
1795809566508783824
9315985691518589230
9645440785487673572
8084120177597478895
2877152904940771845
4775173336941277834
11831436546141904740
2070605809044726299
3073305649358807347
12905026412054453461
6398289314019152126
10184296387511659646
2495106995897440200
16335507517983857647
17292365910285639563
4603370200750875930
3002956528467226094
6379702433006243385
1972784492564760990
14153307572430570617
2858597420278535188
5299071419634313720
12073648922291754250
6180345149762232326
194709511968606292
15258189754184626547
5061136526935311841
7239070927745939006
1298233151429972469
10943643835801508589
15641544607109075609
11817328447478811177
501216354161779414
3107674530492075811
3897516745935326945
10131400455552603789
1261821006945487917
2214452765789834200
12116948838383738636
14140221401763805740
2883460715472187171
8984585180190398595
5095966532849927276
9162605785268199813
1348990266467437043
7558187848772547584
16392090178981873582
2400789378318034322
2266173676429967241
14241788237411440911
9705112185583296742
13986826520127003778
388754642149193571
7393469161306150973
15916482406534609186
3613533834354341725
2176406906783807727
17445020303174348413
11472187793516962506
4166318907096268950
1794595190892150107
9981847168325946204
17504981885291573883
16478958559733065820
3159323101611062500
8897641124414532592
4980188718526251246
14585312750820944436
192764418565905604
3727604944294859669
7457741012368797078
6607802522774771409
2246665103572433840
10465013689090178112
1299171545842805559
3785831673785219018
1216769325953352783
17464907848108432944
7568811703043476885
10677761895323606006
78276282694364054
18245677393822482136
4476151812540342851
3004494624921115516
486990140903854590
3872623751692619397
12338946035135812807
5107784522385905235
1459049941839978069
1624799114163404448
13057770328524031412
11518010933017585595
431680624927209911
11402590716511975800
8513368538270755306
11089480025105490993
2922373435339451573
1254269851076460595
13537874235188880932
17768803016563372091
1165969374817103092
13050792861055169341
11401246807088241409
11300137398398797634
2794209179811410378
7578996194387723415
9884353641534066539
6095759418167767490
1801176276745642423
677276420290861506
12268439818194366407
8120535576082384903
3256416799166364229
18362134291353809912
8576459567371489636
18128616720460341444
1051779873196337762
17621893740207891115
8309137974505081307
9881147554203608063
3384851690253445469
7017896585752804831
4241201618589356705
13478565434773794084
2969232505510290667
6857878249047054339
12466157861938745358
2244279631595993691
1775096922927552038
14233563582072116670
6126391270231293435
12139985728822536529
1147379792829118516
80263110211001069
10713461297555638236
2604314080470344915
2019812743673540596
11277651228056395134
17701918704795297018
3094750138117888724
2976721326774643898
3689595801918996642
12077301505909405713
7725174657953848938
399226186025578371
11214797276474084267
8042662203209422922
10696352668211909934
2541014009303076920
5126777393474307981
3836420518492272256
17616860777221245920
1565179484598503120
7297892727092034330
18079265052303946377
13189762786085883872
366356755401683275
6615995384015358623
3377068694778052853
3066671798837892494
165377286965411048
3282504096854377388
3785187542416140848
2386704901057558072
1675100822770499999
8574396667441494275
6764020299105703632
89744441798457975
1615698531866958950
12436758820921477431
8664742305264654986
13295447439663326917
1413605003665285340
11445011883560111499
3996881107405762650
8639903816365939019
3489793897617401919
4198748293794140974
490381203804319661
9525588844229961249
202999497308793253
477064577018923316
15769380120343397978
9197070704671543329
2508396111825104982
17852429960149338936
15091771953994468419
527733642699441539
2271128999481583414
16268723211060120693
4036656516927089857
13540783405643178785
2771375492061154723
13603870338836876323
9832378673836996921
1311201880179367907
1000730131059766764
9826234343970503556
8671150341264401127
10553325856074673869
318740970576749288
9813544895060630445
6614241651874488287
6113844944873083707
2137327067474170727
15396949653355095896
1174417159909380512
6965670110231706384
1292450286113456641
5291545577826136774
2004447945318384698
6330139521942921880
3138468787009228708
14218429983644469309
10566845027395001104
11576791709154731097
1371636845934498768
11221588701158626746
6063452595427093266
136087957737815316
1065868681641556793
13174629365505650748
10204015065520950876
10084321502912158885
3244711919429418396
12361750779750585299
6742735567368090361
12576054379955923326
2871625523271838557
5213399198848473304
8559132584312279828
4787870370160645019
552563170984139306
14106443259431447418
1982538280976927863
13522590271747354424
949274545026836190
12270193838128694756
12987696529308862139
1611318617543061390
2375680630084334988
11727492578649021347
15816161183053609286
4752656402622044145
2781700653206374512
6190915356968681608
13258062935817188067
467528760833464342
1774053563682532533
15992069940008126428
5618038598640401823
13546619012514260815
1252418952280521537
4659402166913221405
12301282094350718821
7768423577215205593
2923915245978865749
1252509321481646737
7103475694343359534
10947111972301241714
399359726791270022
9038371098270846483
9115411486255353522
18116172852921262067
1395181094624016957
16001257937803089630
13603588488699894753
15017242355039265849
2626714808729013923
15789257469020066670
13351100509784272574
13216859342792092934
1097464728211358255
9178356352553930685
10781695117780345645
17735985658360721879
2963321759744462717
3273496636432471396
15959204776794167988
6941002243401642285
2700270797738437330
2034993257039313861
10748369656187149574
4197865768171435242
297298504613175643
8834584544514376414
819381185207593187
11254703988529963380
513075005186891879
2286847931613175427
4950788151808647516
8644430474621529698
340101840693619716
405108020980999216
15125153945164758728
14985205077956469911
2240170191938181328
1721773799897531751
14379350149127564603
9122686262089899461
2635253791362468086
14953243181645055432
6731660678235315139
2719606975763966588
3408241447967831345
2270993781032939127
9714955030969106509
10944763631486009229
2745106779294150246
10273192454668212334
17656951588897173386
10150350072755924176
3043469221767657047
17425670154168699706
9263232160765356244
8648484148864697215
1553154980234419603
1471573691012659341
12982015094869388693
8059283278168210540
2366378431508055304
10921914347261524734
7297979086685930957
12403291462227267539
3106461290932119218
6869440603797907590
6145585708170736110
3787257830404992438
1093129742485361136
16011656676050363033
17860164115592065036
15441508848958221380
497595894032170747
9512541174881772589
3061640285448827160
216947137667238351
2710934803000777051
4920617347184459163
17529425938376942639
11212908050870981150
2073686197465755303
7105164118898181887
6135875808769426300
14108493917679435588
484117893909091658
9727880815242128311
14185846188187510683
3808395272548949469
1785359164469362050
380458861247232739
5540161805550771890
5224243941977874839
1835617188046713945
15680700588558831214
11117932155828012923
1274141080888925626
3175425370738392610
3511082350512849464
5047929412200648480
18091679928708666463
3375206579292341055
15977449394012036622
6032499244490396704
15314391506392378412
2545681435626951782
13811423140373899773
4011422388648363032
14049627474480266004
3416763525674941583
16322523023121074190
11860308701551994136
3881189923225832183
1309481532474411171
212560473507304882
12376821667164062552
1323673554904157003
3457395288634885811
7673504128244645737
1541136624246526593
10267269717526220520
2688653294060104729
14555194847930553299
17939129752436108062
2072891590957360708
414292607311423813
5277924961156665015
13989026898962343494
10626990494700786930
1069673950600544128
1478570197566804046
442073846113688621
27504808678792050
1047239809331835089
13635287508393251697
11456640150944600955
3246748351788915399
1422599641840993419
557283372270347924
5028001656652132900
1783326248825286537
2665495435236069663
5960694713940762100
4112484242303744639
15198734437823063238
2509449016028911277
2149409135071603518
15399501683262177030
17573066341485630399
442161624531619697
10876953303595147905
6489565160636858575
7450655169939473016
280930322376076591
11319838695005311472
12604700437794135960
16798329966713206270
1585073893202297210
13625524315188526821
15780261463439121599
13815105115418873669
927258538196004399
15096228352932869696
5082866812150453707
5257208881193705312
2552886706515109268
7750079940753176440
8239922355041052026
10241729388640663139
3532509904061787608
347435428847954882
12650424027143261992
5052512649683030422
2425694461972780705
14234611752638966945
6668295805945204787
10121425080416275239
769817806103591180
3842013309965394629
13180560029242871153
17700498646324566118
3249589021359071659
7883302272462846930
13541596968784210764
9381254138048861926
1304941848867254814
12218061574347624601
6970660079214741438
4773088103921071392
2305691356841285299
14796981992522437018
1074272542269548662
11124281710735144866
1522306708900217056
1721751381337676141
13612784346008349519
7521373021413549473
2377794406084260905
5425743404634870072
311625794707860493
9212454493911075415
161068072916626662
6154182512002609649
9280043152424424409
4062378278846947679
107668826375632354
6822759061385653662
10069594967463383744
3148027475012044046
1107816436306696205
11744943623671235963
4172499671968514955
1637338547542194584
260932862854543488
6604938344586654582
11852830959817431381
16797048417103866233
1875741979308047900
6957345511655972085
3708751735755944238
14901908559134967884
1822216524132567316
5821442010917079595
3928447065130496957
10488727853525434180
1146655957887548534
17481387465363556731
11945612986537442911
1686630294620201103
3170633310428092187
11357601263417360946
154980220154732557
11147424781277120580
2393324535229177860
5766509079777307866
12694424519636699658
7030843422519212289
2559111160891568764
12625493499414221537
9026760112485337989
9587525282994401359
3392015330685148041
3674709351107077906
17808704032540412470
6943194006732074673
3586556862313729234
1188862202726067983
12950475802312399835
4822944151473756589
758850661749955596
16633967194246943175
15748381648924055030
5015343834760062728
1785536890714964077
10924333517037442783
18153490202249501192
16101643712832320865
762430033068001341
11804979269387218182
11346083991297931704
9458495991782288535
1605747420472306992
9298577983683400821
12780155458712079684
1748564596378939103
3085668603206189176
17147565866942571055
12065730580591298760
1390179457187430636
369140361111977877
2228537905829664956
13998945717471521277
10297101177557508461
2172191757452398575
5717552805301091276
10184961073979305166
6540690323870643508
752547747507462622
11395088379993771591
1679273972896717222
10899921645361458921
2388802221561832064
16408180819953838130
8218835410890363046
10437454512806542523
1812332275651576165
3747220850697416251
12813668481657734044
490407482309625656
1310978401303503881
1750737139378303368
1272075783634039642
1199919101267359647
98943497265578052
8024921902734907783
2934685591299428497
14069280709746413853
504033497514897891
17664953819934423763
5950814527196221044
15316145331262366903
3289378647795353978
17329158166942019601
15384006264264733168
14853759437840031013
2458402828508957377
18345794104576795170
16071915392660756252
9029876046205916564
1817509089757190501
2178994083958918750
6958205258829395685
9216422407863568112
2573870564822150103
2640949767144096285
10902855956494483235
12879331168913303391
2746355067545465564
13645842001134624074
17248038239789694188
564435804776312666
816577722305503196
6653229902410836469
16103251669825220736
4784176622991839318
1055004474298690473
8546566642007875769
7431208933701267952
12529811230522220755
3295543807945543122
9663958187088789617
6641895981480665973
11969256759569247148
441251032657837333
6651491688613850837
4321045609297764602
4398549607163400778
2038004157884985196
14010539879727325657
7623892585250794403
5787450802122142555
210829617834069072
15632362411734374384
7400995202979949436
8151818188722673486
2301214598077672013
17971431735436018271
17449052722079061834
412477936587267730
3478305410855658582
14695052262932642743
12102324195019708553
11106806663467238454
358662303293382595
8502502882614778508
6767343562801137220
12830497189953293334
1076793014657376936
18150123475729493573
7042094430911264732
7636517905381668723
523570536909039189
7116026630777931951
17852603317705771045
10608790174581960695
815880950794304631
17203568600972084122
3336993584110805406
17370225668477513167
697712691437272964
14199820045544446952
10615687716139032660
12860461559134823305
1371591687006986926
1194926891401858391
7403495477162732834
12565789006205040315
1338921328157345418
1199398329094981646
2191730990610415845
8552688048895112937
848973716462295950
10483291245254577497
9256229948820750759
1755230186613313529
2142233112720829279
2078899271818382835
15629620945847479341
3292353064957350835
1313897039177470853
18156702156306973391
17055858552897213227
10856601195758612192
262567762811385482
18344988994552055988
5937721864051812412
16590586028109965170
3392904483819025148
5387335591545011077
13988497031288696585
2929658797094242917
2121204136308786443
4409826717145081983
13156081114658876892
1870519430299952104
826553213562446288
15525964129123658032
13739776292179807959
3353709274416637814
1740781213519300986
3739851803089545206
3644358878970888635
670425513203707978
857292762677214873
8898555782386432993
17207280935524989753
6320833563100578885
3462685826789331022
9602630637125727031
791275961318527255
1437197445066651233
3297197091144450721
9271317065278531190
15481139712842673759
39014108813323650
3130237111519520659
3321405405609509843
669406583213655808
16090262276937727543
3425667118770104760
10927356797159311286
13266603266811723550
6865958756973028200
1289915282821320619
12605757595604583295
14735828529660859388
5214101681280919390
3158430497247063015
10133014611537342410
7182262447402862574
58511829893967730
454212226051030329
4649947277563302536
6893276811470294168
8869395903722954399
1216645627209783614
14646942112796827666
944491363481044660
5220023235581134390
3282283950451875517
11976231545009127632
17279662681382621908
7964209707946864753
3345244076386432437
10386399299263609840
5629867894158840955
6489387708158712015
2265193107182309099
6648674727193399873
12487365011108125254
2129220728344989117
2961080727080081023
14974540427028174908
15651399794403642080
9654253126798103852
2808230036028540281
3755842770064260042
15893635883102963773
6354267747861461430
390178277746297819
16028754802202401238
9443031888471118680
7230804535305600636
1475284050994389092
9984928849347160517
13087809027039170929
13834641165359875833
800660782716320787
3974288813533193394
2185071409517808350
11305935814917084266
2609100897355019709
6419254382090143961
9906832131955643814
9760702926206067539
2773047986244331270
16179264055994951165
334413874594359927
2949270823032385935
1584958375250326404
17825945589566275200
10733297908939057998
10822035900291882441
2943794529050548397
1280831599410585549
3001737388458534272
9378657690457185829
2470868934848862074
12884792587385046391
3995443241743786858
439619352442794099
2489881947375668680
9582697465862953977
5219726868835011228
16550401744093846236
3279449793510793031
12332815377670767429
10194868417950388496
17717301760993463014
2464884762619690655
8890470609907955265
6244512369724944123
12562336550256735824
543059282947531019
3417558635079954656
9942986843529091566
16903842706590543194
3413549964802888464
1211334422683894811
12210361541064114073
4402811200425387817
821073604546844336
16117802413055767591
17809118842823353248
3437407814276319367
2968426445399778517
12679121620149684825
10184469570934069739
5724471603408813376
3601465997566847258
2050224774957170222
4199163954763551126
11428566496264517279
1103730902709457533
3329552242116916461
207532251941759594
5519418979253126284
3436608701084097065
14620381826390585910
10889471893064241946
14089724661187381113
3413197845474796799
2363275595923881446
1284997657508696965
17538955505851115254
173609208559116591
11512477079966230697
5321057354558239134
14895875527896572733
1924294642345364574
16400207666732692687
6253379918196957702
3354668390638400328
1476461716536249941
10981574062972475306
8638239825176667251
10185429654284774546
2047006104733204499
7039531676817755207
4964087112874588627
12714484686894772698
1379102839895460639
10798906067323853908
16169629853346805414
17192995899636066973
3026321185926415968
15374941880894448401
17746449632562844964
15159161364535468659
3004526770003190175
11291216509543077861
234858659674836385
855150126668870453
940110980166668771
13448395678602156142
16795428647705297013
17697381311221294279
56332014920156784
876517790090006109
14778767206891663134
17232152191409188050
283695652658817517
1767875316825847917
13944976415613439336
1459527094359056132
149472258482596448
14969575936866108886
17678873904045334996
15523163363926891399
788610454301049271
11497164067481618585
5258772890936036039
13135846765745139443
2080420106217097385
7145027960916015731
4818781474720824333
16079406164235033869
1282788837544012765
2958979644188434779
7286003913419876597
7630284039467851447
2437535849904550160
3090502170242525818
12139516757989499378
339458680078268543
3072829524989131611
6287455372646436766
18407424781779464861
1329372636780702577
2086922474491506498
13803314923447144021
10139302502870464621
13290485022876296866
2019007006145020756
7246724151351410978
1066507550062133498
6158995097282027369
2195733913615334256
14103464475999512553
11181145277551342261
3823420225123767822
143748596606149513
2461590205534780694
9795672358683804452
18110744213168040247
1174594373770808433
6429439883255168429
14807042333152665921
512694938924817856
2020566449400929728
2699708265362531518
17325499934548726018
13170216872606877105
472749524571705405
7702322883404551819
18102718596627814422
16600822280803939570
2344060203774312527
13310591984809632902
13328377800851153413
11860696282489073114
632908691094236058
13300367261928504546
8202192494060589567
9940617054998002702
2037388157030752758
11167364767325190208
16272383581850512508
2973352708523179981
518187630236193287
4280720299621988442
6293756152419861838
10262696208417926600
2505003458975515966
6969070527540050948
3786732143433756285
1108809089195408079
2324373822085029853
2587765577202559056
17212868359404776873
14260518523724820158
1865729219727693666
15160881492818748197
10575353968654057429
17530856643389918561
805347040559037905
1261113593520737864
6982730672879176881
6589400118452478278
2896012025355497285
17938437031979110447
7922813802693686145
8020739037340974822
970510127860941177
2318775327155082167
4381490920377174655
16363553734993033614
251316773366476232
1759317861252890011
8927352990977654910
8469105534280116899
3452112691648958237
13661612252526416413
5884311229529980930
3902805046137116696
2123837692850050595
13407222387303272658
10162014191981970535
37451122764609492
3566456557032621766
6310072655629033028
3786883330311325971
3041425439902117010
519654793693455606
7069004401962620626
2890072970982476215
3627444228130760667
895569736710326057
15690096800574818813
10268270244708249702
9940479680015866299
3169679759103730686
10474696768607843557
11219902553421151699
7670652047746369058
1552163815519560387
1540477134689810157
2189739346553690829
14228479283471995387
1047348628022803841
12407865751242082842
16376290126364252652
11048657792925431138
2374164555105313287
5837868503629209515
11666145658653894991
17933050523660755314
3353578163949932833
17017374199927717348
9365467033951726222
14528408606927459472
991968369241711752
14748123114494999239
1075303973865356244
5509526802157718532
1278546697945735383
6551586085991365781
17685294955944512526
15039473970049902407
1579028248773260683
8005406396000956446
750722958121681893
8210117471595483493
1392012407978490829
8241106218370508823
12581017252803115851
13117605314730829124
715329125101807275
18093494218064893422
18119354938816180177
607767342577505958
2078435825724223501
2218627745540145115
11672387298254874507
10804730249901444194
3439363235055419753
6611819473161103774
7927639080818315592
361312506406729421
3653644683193760822
7393186933145552176
8272978943450885859
7437888919918892045
543089157114750433
10321312116965475641
6144499850100868253
725424321947457543
1636161486795882114
4717490311817856428
15442517099121045454
8319091961585702983
3166375169087209416
7172599162852628519
13492016161408868465
17912571749501312227
2975051982042965161
11896082782110242885
14301430239763413878
16926842391729128608
1227090477729443898
17598302316174767393
12611132633373257161
9538921372230331747
2736519884419928050
7898772680798196647
5273941341717880012
13710482858832248020
997000620849231219
10559620612704861868
2094662317162965205
15685330398946099842
1826622322712830689
2131179953715567804
13673914550860752529
728319238261155522
2508561962807746117
14411823635388183228
8199709266198501423
7847607859070477936
277820559774552409
14158750357524565829
10261287443938932032
6053136008467651847
1151875361656896320
15007665960310538278
126289113200377792
18419518769912307356
2967965953680203381
7235079960525747100
2053571900318447879
10860121886429581861
2023876919401317256
11263247069016901880
12890383031566797958
15775644202190472289
760236745816468474
12387782030425654237
14646828976599136357
1692496009696490972
897204616595020848
288853137932118968
3519124583554934549
7361610514321913586
569510242223783327
15140334240158192907
6059755580887924719
15542734334075800523
3433232159271915782
10012543199881938430
13527295906876816631
5250075743276330743
215070630778687469
4772714927506778028
18247871480868018820
13322643127358457440
2698022579996030949
413025225455327563
15704523562730766501
11213523521300834788
1714054531236923168
7535042283266521931
16108312791812435474
11114080218787772
2385586023575095397
8806904337726664971
15910590175210595950
15496578255557131526
2132225188109731064
7334897190570519729
5053115877047859572
14966110306266722666
3058436308948595085
18412294440998458603
2515350460884258274
12433098132295569836
2607319020386482098
17191415508071933235
2259727135875745372
6073521269439285245
558333698870052674
3280970368991379259
10268230722873373092
2806315423379828736
2516246844676011457
14391373782733506502
11665416033706825491
4404581153260591610
3032083615820092416
16425554418422490543
6052928788934734587
5143178985980480933
2034527159987579598
11804587800457088141
1630795301221586727
13858257733688879346
3173566170531379775
8997053215053779361
17981322253459974022
15736599840667135467
2057246157318477528
10846567144495298986
16008524395472111339
3560438512889830471
3028408774448545032
14009868238203472207
5343488666792915881
11767312966673563441
2746786155000934891
13537637085189649864
5776236635672111673
17158479738649538361
1149957221349897428
1567117753152321587
17826529491865774946
3477820186524387003
2690134222009786678
11224241953344727682
7800318213423194013
2464955030039382021
1864567904767730136
17937532534389531494
4580360861643287982
900624048153305084
2418297454086746449
7538867904523466133
3158890740155422619
15264082637502011031
397429797982744823
12572801982267593298
7002980646377990016
4011223105998203012
1155181160499931342
6816306460507038959
14556707960950848129
3753930599671213034
1672122055483589288
1515998674280850277
2791885795720762924
12422255854823733521
1291474703397211211
6516027089276918188
6274003890769789848
13546895334783133748
618006647654044877
3536171920822243244
17505964695215442175
3538081362124580682
2188744499351414320
15017169288732365062
11140277248398019878
10189624180387300164
126298333286991092
5165440676610165253
12435481903822010612
11250276448747407963
1129291000622038183
12075936713298152300
1634549707652484120
3909046458471849399
1844122642161903387
833858728169593791
17787139122956875882
11467068797294072001
982478563769898703
10469591938719134316
6476761377021306189
14390688162321184828
429522122825923921
17116043616824917496
4477562769912439878
17268943971886944738
206521382162372059
5363180481992695896
16429838957854654831
12782225793137789851
111962227193815379
15651006635790824463
13961366166670675872
15283234298119231797
2457445141263281070
9707555427006047004
16455197370240140929
3413684250791275394
1042192298719737372
18301308179142451826
13069089603892686439
5053683522250719056
1780654988733014334
4685733354815740794
1412382991868093685
3816738249101365882
2576475181634794502
718125595341225804
11026916749335535481
15472853748415563282
952591076742340091
16154928731165297182
17307197341257406762
10449703532920427966
3239005930486689434
12945964466500364695
12591901274430570035
165912499030682294
2836590375136273469
16754175667364642906
6827744272985195532
11702770529102630325
2813115058702100764
11127582414222436198
13236015692969561687
14992244243149601146
1026541093407417714
6204155374011077732
13305819485863371180
9520907134394588011
2649811166499995656
1514114457579681086
4737668561007873217
4279047681422556833
593280154863047967
15653533605782482370
1813633691308838467
603994081858474479
1551484832950197953
12513958260833409026
5741989727014519173
13542838069879789481
1939810478246276772
12668882817696796747
6010585658571571491
14787676254486977260
3049108213543903724
11418726557519007233
2875798143003054084
6651986363696505413
2391078342554212217
12760831300514833562
11069092114032029373
4170393210731303220
1303237518567944022
15885315152507157329
38948516103822139
11865986021075919035
2835214806665730349
13318309693766531694
7222851899473787917
1761534188553889102
150623974911658131
7362340037314454448
9614062034861946959
17446775870451397825
549540832251270503
1030156622287853514
12829381066577916409
9343478454363059517
3284780866986109294
9824059275836874527
10657148818054591251
2666035877615990267
3644442523013876204
4089443509472920720
13104480191216885845
17995324008348654997
498682812323650061
9146174579535906389
17067453614530367989
5612219904081013719
627585096492501681
4379376698121165751
12803434406103963621
4703925613171021861
2131505158885375032
6237728123906351523
17887937352670792533
6809553179165714115
1089727452817175992
7483547016927791344
14500253693432009757
14820113811229071985
2575300152670257236
1960685077985314852
1651973330901991407
11318159990636828104
549123292376366859
6365835696656603726
633864764340202566
15847698677598324870
2309244187240422037
8866277399822579957
7181162909999540099
16134235029371829488
1617691423306585543
13402563844396099124
8807887327230415849
6606878896393489097
3536428275616288669
11610004202539318982
5495630537484462949
12852358187112411585
2630964714839156245
555711059665187112
13932417108850652614
10360882690311951015
3224036591028355003
17402814388400925188
16088867994988366355
17940049125048948952
2542755204812120999
8064888366518766154
10570671463603617519
9875159836440290776
1801120136467876636
16529733590652457680
18393344339943902926
13156942920865776683
821005654198708343
3235552952789619972
5638919768601243476
15646705798195886179
682861750525443254
12802418736843779429
9485259741434162291
4369377231294091584
1401861451775525444
205146726390479577
15856583466692150316
13681565897266125818
3141223127153620940
14054883518182133747
17880041096153008142
5774763141933577986
1008757622529871433
17547442258910430785
1210698375834063635
2064427485483301248
2588628371795726090
4907788620167177438
713654626731408347
12834322605276371926
2748609425670215773
15847521948356969015
14802720197124374792
14721993137811212260
941569052543626193
13646608812417785774
4189426875456595164
213912570013356456
3460252578831308749
9234145311760556432
2010082497853247902
16524995654684088413
3173793441807484412
14053360335251649111
7313827317716420519
1248200552521175643
3605944516841090003
12485599136685194573
1843135603316303514
11596068786636387670
1939174757871716114
12435669867044201314
13076526009951323137
11079746843296826141
2956272508888405491
10503478883522311558
9729874445290699829
14990729632270216082
2802637342665506459
12075683322510046506
11149186890738191549
14298007848284034626
2190343380631000240
2069693330717814799
6555725001879633388
15382956700491992006
782280295242903605
11867445411509107921
16071815244695161001
12160826077957750810
1443220889373594102
11313060073324428689
244228159779895163
1620347076022890521
1102845471472162799
9182757659385009083
14820106356932726640
2995632015625932585
564232358668836047
2290335292187247033
1559832124518033436
6205067874000628982
2237143460183818960
882365790711390182
13333296243436243436
4326297689662314821
2440898142715374667
4634568215366076237
1041511568682735607
15616100588859349248
1565602720526716296
2601003092051435951
16712042684365873482
6403893955791806652
3201258882598686995
2445575873161733693
6200856075648588868
16085494829515099318
1148146677705956586
12733602539227209887
15615896364317379193
14866133073181466077
3366146955110724885
6141717604825817101
9722115991697167202
8969549968944368505
2425074212414342835
15179584986016365609
4689368616160262840
317611249133454960
2956507789161768375
8384495765082147437
3814006894372888810
1624380245508371449
3146176165803413966
17929779212381875972
16793876677468381754
14776717909776462590
3637116381319697353
5298442761692116666
13746087503531909277
11385495577149097933
2563192681842289154
10512072237689099719
1408729046162796724
4761414985683213895
1614411339004202780
10627347774409219125
3355192698027600197
1753492725982994526
388823488680048612
12781019814752523658
7426928489742642700
1778328121973689452
282472812635112990
439511034763589117
11455247378085264983
10684873707413460858
567945757069735162
4651640494321928818
18131446365964134760
6528946908238903078
1536681249101564935
15307780718180874566
9238846600545588123
10361535738051345297
190883885255746127
6842689711654408663
5661423744399390556
9193906971029899472
306222113487415808
1215967471064299209
11339875740758037575
6509073919679416126
2131041395259586951
5597505006702240909
10407409341423096385
10802246657910609588
1342844271658999077
13064725137219024637
17325580043406539333
2036273986125679691
471028686742129715
11998639000935888379
2552532330535940956
12873579368796237332
1961139031980007976
14808118383359353525
12717621060113896436
1700724993021368117
268090420062757688
2161286187854682050
1497851485860964018
2944364783404031989
3341042363641932289
493038936037106264
17816648303764257879
2730621345692990292
182785375107336212
15321352854462696567
15185473147250848664
10716991386344459307
3058053784005145134
17184669556861050462
916372134303672221
15968850617215100295
353187030101028043
11429211367553351231
6466656292908400168
6344907271956257442
3235126966546594298
11413435361094612980
4322137202491910841
2543406454997602651
1252132768387085161
18162235590842369623
1771287854125385581
6386434298751660348
3162961554957577190
1295594258825380014
13550744741744995030
15586011847592315809
2874545943859762872
6738213577079257582
17322243565114719643
10352394303366195119
1258799651797062719
10745105163719969443
4039882277959867677
14388754132262048338
1535124600510416377
924186178961143271
14424546704523812071
17826202502702492612
209810661844800790
13659267989547905654
1310109540557879242
12757573993828832978
3220635579420721967
6049712066603597352
2930816821457823849
3385530378200181221
854024315453454950
17854777785854663499
8871369904043415627
17173160013996223890
2615537152891880503
3523465716148803340
2058957694480634913
1518180880012391369
1046979582167394062
8075934249856527437
8501981647708979757
10418187179628424028
3253212162826250752
8359947963584187164
5444530979242915448
1590224661293939394
2118629645146881738
2512063060140657882
12167762582178331366
9058960704531562008
1221374174914886943
9542489376450837311
8683984308176317105
6399868597608484671
536807112224871712
13856824687952468238
11113241542744652469
7884920450530604546
3262963597082906606
3057468611821751761
8359140747836371556
7008338843478422943
2257999974605447793
5148026579516529313
10236529497381542174
15361750599571663089
149299416145623566
95983480896525894
17474328051517137695
1845738633543690892
1062171374752083816
6319666999031249990
6361687715548207991
8522107795652405145
1839444924984447151
760874169111408349
4865026987389759501
17280047358122745901
210853565978684520
5897310769242209970
4694515807979595966
10996427657464692746
2257987548714331202
9149309459864256818
17739655515095693627
3802302280281786650
1751073548459971354
13661969063750567632
2389509759619622087
7340389471372193949
2714457818251113052
7198636455985639192
14390899425776699492
14423906380596901661
953905584103505918
1262195866533985094
4705338630908694770
10449970894338904162
869078247781354725
17315099835392723030
8281143932882518622
9693982025540357260
424385477358170442
14086415208061114946
16368773245722865767
5892578738693375141
1675721616258168106
14086551094753825698
7856113110159196682
7541255552143850450
3370873342990122884
201241867032638765
11354734400036733693
6105586546927828728
1899195453509616101
4457548803078412523
12438534872598338192
16282366044899768488
1449014433143629893
16998098047816438408
7671163763896747
14997065331992760975
2775374159018244221
8688396509958042499
13946331426715832240
20223365178795042
2364309411826297360
6508902301732613352
5018777881632170456
11586028785657492991
1009562439948713123
1857261831477238622
8295337665160665786
16501485962061344558
3017105072889278003
12932266963672592894
15140618143214150236
9095052699496952447
3017871471177327145
2281861705729747699
8020535430374315671
8455990654394258924
698539549028754632
2485323207754707974
18212682342708545093
380781481955379423
316382058763745127
15450477039598657642
6071019762863562508
5261741900627494018
3471100686914363604
15484402341131553525
9828729701247238581
12106377822867260203
2799517601269697696
11125155518461931618
4930468134870563685
9238042289730668663
2657091656713068697
4874843937238095496
11139277840311351624
4390214625958700202
3121653943756154239
6161709486757755796
770795870079701171
8632478936379766512
1910316750267997770
2448763124063323848
11212873108476214321
8783832844656411946
3466847601079074929
333328429778418166
3078788379079850387
12154545809344575073
689491868595180899
6266878916503007448
3215393432550530940
4000793069166456488
957067984528074779
1887592648739103352
10823077990290594164
14009314088640232031
3140677118221903735
5283986355956889759
811070527524170364
16588449373257286305
2631039100740293759
10134161936038578928
2438911357829006876
11263778197953144099
535726192471980759
10892200941284166677
3424531963040650631
2082776166012504941
140931055526110857
6953578161430030225
15806588997384050879
16836382876262066681
1128485182378959301
14009926523736319356
4454188500458836276
6196924343589761514
560590209599006086
151533093425672266
5571307172142020003
9406637993557699177
2101317571117508325
6724419790756098605
10765147077477516565
122797332961920195
3373166330752658140
16538707160397288943
16707378463362026279
4938046537362761003
1680504246697814180
13833376901960488372
17609216823456470650
6125816513741911999
1441111032638862830
1510397876733822458
7341965673668073331
3977191114872996369
2072510319645977550
4181941365382724686
1631907894318431850
5585594616811747838
3583842237316509495
5544419737014754274
10595857286053202955
3328900120271799983
2677495827421836637
8764040123154921227
6911053762887332463
18188566110073762141
1145159920366784752
1656073646801108671
16597299252683979561
2635942547257721537
1335700219100203522
11011758499629751706
15677085928515172661
13541417837463666037
2228204354733721483
12056990182865237041
16584406746338096198
2678185738711526104
1075895155542006134
487315262502884230
11203215535057220840
15412574815916712696
1616411477831177955
2648679183434212576
6252987484439214340
12834663989540380
3122079646760624993
14121363121076522927
4876638433917127235
16857026049831746994
1163468644984420967
10703612047089622821
12565146496428813476
2785212020537977239
1441800411367300663
2870852257388033699
13661031590678092117
291266683055557348
1544351446433935702
5221868184867254523
10715821224529251867
10560966047938594554
1198199856982285738
9368484286787985993
14532693704931455062
12794531492127332765
1809760287816219231
1448876315013916929
8836548526563166119
3504747839135095389
3552755993264943601
4733699494406678861
9115706434024571861
282955106921904435
3451129045049517133
2004199387467575147
15628711129966612238
10037985190911355920
2836376274580728356
18435437511219285110
7382422956177378663
15648254497703994129
1412402439586499104
18435091442520056200
6943972390281723030
17242046221867116854
1749449215231226887
5314206738246183575
18374500706016433778
17011872983321777761
485298544785342725